AAPL: 50.34649439163727
SHLS: 49.72886785211248
NVDA: 49.078017093960426
FOLD: 67.35714902542831
VOO: 45.62201958438912
HUBS: 44.15256636437767
JBLU: 48.45127713824081
CNQ: 53.74665378312046
BTC: 42.59120437852874
MSFT: 39.4882070941263
AMZN: 49.567088455672064
